RUN START

10551 321.23 47.6097 -122.318175 131
10552 323.040000 47.609715 -122.318176 131
10553 312.980000 47.609715 -122.318178 131
10554 303.980000 47.609714 -122.318181 131
10555 339.310000 47.609713 -122.318184 131
10556 8.150000 47.609713 -122.318187 131
10557 332.480000 47.609712 -122.318189 131
10558 312.290000 47.609711 -122.318192 131
10559 337.240000 47.609712 -122.318194 131
10600 329.820000 47.609712 -122.318196 131
10601 1.120000 47.609713 -122.318197 131
10602 352.910000 47.609713 -122.318199 131
10603 338.480000 47.609713 -122.318200 131
10604 41.210000 47.609713 -122.318203 131
10605 108.790000 47.609710 -122.318209 131
10606 100.920000 47.609706 -122.318215 131
10607 85.410000 47.609702 -122.318219 131
10608 47.250000 47.609701 -122.318223 131
10609 56.450000 47.609700 -122.318228 131
10610 107.310000 47.609701 -122.318231 131
10611 125.850000 47.609702 -122.318237 131
10612 103.940000 47.609704 -122.318241 131
10613 133.390000 47.609705 -122.318245 131
10614 119.410000 47.609707 -122.318250 131
10615 78.070000 47.609710 -122.318253 131
10616 66.370000 47.609712 -122.318258 131
10617 23.250000 47.609713 -122.318264 131
10618 44.790000 47.609715 -122.318270 131
10619 71.300000 23.804779 -61.158961 312
10620 81.960000 23.804779 -61.158961 312
10621 63.810000 23.804779 -61.158961 312
10622 20.650000 23.804779 -61.158961 312
10623 7.740000 23.804779 -61.158961 312
10624 3.770000 23.804779 -61.158961 312
10625 69.550000 23.804780 -61.158961 312
10626 59.070000 23.804780 -61.158960 312
10627 54.510000 23.804780 -61.158960 312
10628 50.280000 23.804781 -61.158959 312
10629 33.320000 23.804781 -61.158958 312
10630 18.420000 23.804781 -61.158958 312
10631 15.110000 23.804782 -61.158958 312
10632 356.770000 23.804782 -61.158958 312
10633 349.880000 23.804783 -61.158958 312
10634 358.330000 23.804783 -61.158958 312
10635 348.870000 23.804784 -61.158958 312
10636 346.950000 23.804784 -61.158958 312
10637 14.080000 23.804785 -61.158959 312
10638 345.120000 23.804785 -61.158958 312
10639 222.040000 23.804785 -61.158959 312
10640 217.370000 23.804785 -61.158959 312
10641 210.100000 23.804785 -61.158959 312
10642 218.720000 47.609671 -122.318233 130
10643 226.380000 47.609660 -122.318195 130
10644 256.560000 47.609621 -122.318052 131
10645 215.230000 47.609603 -122.317990 131
10646 255.140000 47.609601 -122.317984 132
10647 248.090000 47.609597 -122.317979 132
10648 261.490000 47.609595 -122.317976 131
10649 280.740000 47.609591 -122.317971 131
10650 284.170000 47.609589 -122.317967 131
10651 69.420000 47.609585 -122.317962 131
10652 295.020000 47.609583 -122.317957 131
10653 320.120000 47.609581 -122.317951 132
10654 329.550000 47.609578 -122.317946 132
10655 350.980000 47.609575 -122.317940 132
10656 21.340000 47.609574 -122.317937 132
10657 36.670000 47.609572 -122.317932 132
10658 58.850000 47.609571 -122.317928 132
10659 120.040000 47.609569 -122.317925 132


RUN END

